0 1.645211
145 0.229682
143 0.235923
146 0.230436
145 0.235966
143 0.233724
143 0.228904
148 0.233230
148 0.229558
148 0.232329
148 0.229419
142 0.227912
145 0.231906
144 0.233201
144 0.231127
146 0.231596
142 0.229963
144 0.232558
144 0.228955
146 0.229221
140 0.232214
136 0.229947
137 0.226761
131 0.227385
148 0.227055
120 0.228572
119 0.231744
135 0.224856
130 0.226485
127 0.227530
122 0.229306
118 0.225628
115 0.225451
110 0.224462
107 0.224796
102 0.223334
98 0.228119
93 0.228161
89 0.232817
84 0.232761
81 0.220464
76 0.228985
72 0.222331
68 0.222819
64 0.219761
60 0.228958
55 0.279830
51 0.216562
47 0.220219
43 0.227196
39 0.277883
35 0.348863
38 0.349812
38 0.232128
75 0.345201
74 0.351419
74 0.350954
75 0.353486
75 0.351891
76 0.350849
77 0.291709
76 0.222959
74 0.351124
74 0.306144
75 0.225861
75 0.278917
75 0.227724
75 0.232025
75 0.232758
75 0.233021
39 0.329967
75 0.351533
75 0.350787
75 0.350998
76 0.351194
76 0.351216
75 0.350769
75 0.351347
37 0.349899
0 0.398406
32 0.218146
35 0.346678
40 0.348375
47 0.226801
52 0.227626
56 0.228175
61 0.228778
65 0.228276
70 0.227417
75 0.227993
81 0.225943
86 0.226524
89 0.227747
96 0.226950
101 0.225972
104 0.225657
110 0.227303
114 0.226714
119 0.226149
125 0.224730
129 0.224181
133 0.222880
126 0.221893
120 0.220049
149 0.219895
155 0.221157
160 0.221673
144 0.217944
169 0.234172
175 0.232264
103 0.230547
181 0.233582
182 0.233792
181 0.234872
182 0.233380
182 0.232278
182 0.232924
185 0.241766
184 0.227761
183 0.234240
182 0.232968
181 0.234313
182 0.233320
181 0.233779
183 0.314467
182 0.232952
183 0.235487
184 0.232582
183 0.232869
188 0.311195
183 0.314654
185 0.233759
184 0.232440
183 0.232185
184 0.232676
125 0.228809
183 0.232781
183 0.235558
184 0.231359
185 0.233097
185 0.234066
187 0.234577
137 0.229799
159 0.232731
155 0.311113
168 0.314547
141 0.232539
155 0.231123
146 0.230714
136 0.228334
128 0.230157
119 0.229133
110 0.225347
102 0.225079
92 0.224805
83 0.218680
74 0.218820
66 0.223051
56 0.248300
48 0.216902
41 0.294606
34 0.229878
29 0.224866
25 0.213219
24 0.348602
25 0.347612
25 0.352033
25 0.341277
25 0.347139
25 0.304499
25 0.234242
25 0.232805
25 0.234048
25 0.233837
25 0.234091
25 0.235895
25 0.232948
25 0.230932
25 0.233007
25 0.233932
25 0.229723
25 0.232762
25 0.232295
25 0.234610
25 0.232194
25 0.233982
25 0.231812
25 0.234224
25 0.234905
25 0.233930
25 0.234365
25 0.234312
25 0.234267
25 0.235011
25 0.233589
25 0.235518
25 0.233473
25 0.233652
25 0.234395
25 0.233887
25 0.233884
25 0.234841
25 0.233132
25 0.233718
25 0.233167
25 0.234863
25 0.233998
25 0.234862
25 0.234225
25 0.232827
25 0.235963
25 0.234564
25 0.234023
25 0.235082
25 0.233566
25 0.233372
25 0.233098
25 0.233934
25 0.232713
25 0.233323
25 0.235368
25 0.234420
25 0.235630
25 0.229327
25 0.229526
25 0.230065
25 0.229107
25 0.228634
25 0.229333
25 0.229847
25 0.229315
25 0.228401
25 0.229343
25 0.227613
25 0.225898
25 0.225950
25 0.227989
25 0.228483
25 0.226528
25 0.229770
27 0.228804
31 0.225228
41 0.280782
47 0.228967
51 0.228838
51 0.367394
52 0.367728
