142 42 1.623463
142 42 0.316541
143 41 0.317187
142 42 0.317379
142 42 0.239914
143 42 0.312964
144 42 0.317501
142 41 0.317283
142 41 0.316530
140 43 0.319002
135 46 0.319095
128 55 0.317782
121 65 0.315456
117 69 0.245917
107 74 0.310978
101 85 0.313713
96 89 0.247925
89 96 0.310177
81 105 0.308628
73 110 0.311616
68 116 0.223825
60 116 0.305358
53 132 0.306713
48 138 0.219158
43 145 0.259367
35 149 0.299888
27 149 0.304794
26 158 0.351875
27 159 0.351669
26 159 0.353981
26 159 0.354069
27 158 0.354126
26 159 0.353188
27 159 0.351975
27 159 0.353989
27 160 0.354009
27 159 0.351930
27 159 0.351596
27 159 0.351857
26 158 0.354116
27 159 0.351805
27 159 0.354260
26 159 0.353950
27 159 0.351200
29 150 0.354502
38 145 0.298376
46 139 0.306381
53 139 0.309802
61 122 0.288534
67 115 0.224930
75 108 0.307124
86 97 0.310816
93 90 0.313197
103 90 0.311209
112 72 0.314629
118 66 0.315683
127 54 0.315939
135 49 0.237269
143 49 0.312651
150 37 0.228872
158 26 0.313296
164 20 0.226413
167 18 0.228041
167 17 0.228238
166 18 0.228332
167 17 0.228340
168 17 0.227918
166 17 0.227796
167 17 0.227580
166 17 0.227383
165 17 0.232471
168 17 0.231990
165 17 0.232060
166 17 0.231704
165 17 0.232258
166 17 0.232177
166 17 0.231837
165 17 0.232037
165 17 0.232150
166 17 0.231797
165 17 0.232567
165 17 0.231857
165 17 0.232255
165 17 0.231791
166 17 0.232151
166 17 0.232031
165 18 0.232399
161 20 0.234505
155 33 0.229835
145 42 0.229041
132 52 0.252344
118 62 0.311926
103 83 0.312072
86 94 0.310469
70 94 0.309853
56 129 0.424323
38 141 0.217126
28 156 0.301937
24 158 0.215217
23 157 0.232051
24 156 0.237445
23 157 0.236366
23 157 0.236938
24 59 0.231580
24 157 0.234111
24 156 0.236832
24 156 0.237277
24 156 0.233176
24 156 0.233930
24 157 0.236596
24 156 0.237028
24 157 0.237953
24 157 0.237121
24 156 0.237670
24 156 0.236980
24 156 0.235936
24 80 0.231969
24 57 0.269130
24 84 0.213194
24 157 0.214445
24 157 0.219599
24 156 0.232335
24 126 0.276798
29 127 0.229227
34 146 0.231686
41 139 0.235065
47 133 0.225792
53 127 0.364845
65 111 0.312040
71 109 0.222818
79 102 0.305019
88 102 0.308812
99 84 0.312876
105 84 0.311204
114 66 0.312634
123 61 0.314281
131 54 0.315139
142 43 0.316501
147 37 0.228117
159 31 0.313371
161 22 0.233668
164 22 0.316319
163 21 0.317347
163 21 0.319092
163 21 0.319642
167 21 0.299097
162 21 0.312514
164 21 0.316813
165 21 0.319352
162 21 0.317898
165 21 0.246248
166 21 0.312678
165 21 0.319475
165 21 0.315890
165 21 0.319395
162 21 0.308406
163 21 0.315720
166 21 0.319900
161 21 0.319544
157 28 0.232516
137 49 0.299511
118 49 0.313549
95 78 0.311659
75 111 0.238351
53 128 0.304748
34 128 0.308538
25 155 0.213993
17 164 0.213038
16 166 0.228939
15 166 0.232852
15 165 0.233029
16 165 0.233316
16 165 0.232427
15 165 0.233052
15 165 0.232932
16 166 0.232910
15 166 0.232959
16 166 0.233038
16 105 0.229906
16 165 0.232736
15 165 0.233169
15 166 0.232861
16 166 0.232897
16 164 0.233157
15 167 0.234806
15 165 0.233102
15 165 0.233096
16 165 0.233172
16 166 0.234465
16 165 0.232932
16 165 0.233092
15 165 0.232657
20 166 0.263438
27 160 0.214816
35 156 0.301514
40 142 0.305581
48 142 0.306307
57 130 0.307173
65 124 0.309954
73 112 0.309287
82 99 0.311079
91 99 0.313781
100 88 0.313724
108 81 0.313690
114 69 0.233053
123 63 0.316392
130 57 0.237788
138 45 0.238555
144 39 0.237475
151 34 0.233296
155 29 0.232102
156 26 0.318949
157 26 0.234008
157 26 0.243531
156 26 0.319185
157 26 0.321387
157 26 0.320794
