101.000000 85.000000 0.001061
98.835000 85.000000 0.001987
105.835000 86.000000 0.099873
103.670000 86.000000 0.100455
105.835000 86.000000 0.099665
103.670000 86.000000 0.099979
105.835000 85.000000 0.099866
103.670000 85.000000 0.100053
101.835000 89.000000 0.101122
99.670000 89.000000 0.099048
97.505000 89.000000 0.099877
97.835000 93.000000 0.099922
95.670000 93.000000 0.100006
93.835000 98.000000 0.100203
91.670000 98.000000 0.100028
87.835000 102.000000 0.099831
85.670000 102.000000 0.100628
82.835000 100.000000 0.099384
80.670000 100.000000 0.100099
78.505000 100.000000 0.100043
77.835000 113.000000 0.100372
75.670000 113.000000 0.099640
72.835000 117.000000 0.099945
70.670000 117.000000 0.100043
67.835000 123.000000 0.099859
65.670000 123.000000 0.099866
63.505000 123.000000 0.100016
61.835000 128.000000 0.099898
59.670000 128.000000 0.100526
56.835000 85.000000 0.099680
54.670000 85.000000 0.099894
6.835000 139.000000 0.100067
6.835000 139.000000 0.100325
6.835000 139.000000 0.100021
47.000000 144.000000 1.100713
47.000000 143.000000 4.001685
47.000000 140.835000 0.100114
47.000000 138.670000 0.099897
47.000000 140.835000 0.099812
47.000000 138.670000 0.100056
48.000000 140.835000 0.100215
48.000000 138.670000 0.099972
48.000000 140.835000 0.099920
48.000000 138.670000 0.100043
48.000000 136.505000 0.100096
50.000000 136.835000 0.099954
50.000000 134.670000 0.099888
54.000000 131.835000 0.099956
54.000000 129.670000 0.099913
59.000000 126.835000 0.100025
59.000000 124.670000 0.099999
59.000000 122.505000 0.099943
64.000000 120.835000 0.100288
64.000000 118.670000 0.099902
70.000000 114.835000 0.100043
70.000000 112.670000 0.099918
75.000000 109.835000 0.100070
75.000000 107.670000 0.099926
81.000000 103.835000 0.099829
81.000000 101.670000 0.100179
81.000000 99.505000 0.100042
81.000000 97.340000 0.099947
87.000000 103.835000 0.099902
87.000000 101.670000 0.099950
96.000000 93.835000 0.100247
96.000000 91.670000 0.099857
96.000000 89.505000 0.099949
102.000000 87.835000 0.099986
102.000000 85.670000 0.100162
102.000000 83.505000 0.099987
111.000000 78.835000 0.099879
111.000000 76.670000 0.099945
111.000000 74.505000 0.099989
118.000000 71.835000 0.099940
118.000000 69.670000 0.100152
124.000000 68.000000 0.100507
124.000000 65.835000 0.099778
124.000000 63.670000 0.099762
130.000000 59.835000 0.099853
130.000000 57.670000 0.099842
130.000000 55.505000 0.100234
139.000000 59.835000 0.099954
139.000000 57.670000 0.099853
145.000000 47.835000 0.100017
145.000000 45.670000 0.100203
145.000000 43.505000 0.099925
151.000000 38.000000 0.099891
151.000000 38.000000 0.100055
153.000000 25.000000 5.105355
153.000000 25.000000 0.001520
163.304000 25.000000 0.100380
158.608000 25.000000 0.100090
153.912000 25.000000 0.099717
162.304000 25.000000 0.100035
157.608000 25.000000 0.099942
163.304000 26.000000 0.100075
158.608000 26.000000 0.099957
153.912000 26.000000 0.099927
149.216000 26.000000 0.099976
116.304000 26.000000 0.100156
111.608000 26.000000 0.100015
142.304000 49.000000 0.099842
137.608000 49.000000 0.099968
132.912000 49.000000 0.100189
131.304000 59.000000 0.099737
126.608000 59.000000 0.100196
122.304000 69.000000 0.099906
117.608000 69.000000 0.099964
112.912000 69.000000 0.099900
72.304000 80.000000 0.100088
67.608000 80.000000 0.100098
62.912000 80.000000 0.100146
86.000000 80.000000 0.099892
86.000000 80.000000 0.099926
68.000000 122.000000 1.101133
69.000000 122.000000 4.001679
69.000000 119.835000 0.100250
69.000000 117.670000 0.099944
69.000000 115.505000 0.099918
68.000000 120.835000 0.100018
68.000000 118.670000 0.099961
69.000000 119.835000 0.100140
69.000000 117.670000 0.099968
69.000000 118.835000 0.099978
69.000000 116.670000 0.099825
69.000000 114.505000 0.099875
71.000000 115.835000 0.100395
71.000000 113.670000 0.099812
76.000000 109.835000 0.099992
76.000000 107.670000 0.099948
81.000000 105.835000 0.100004
81.000000 103.670000 0.100032
81.000000 101.505000 0.100011
89.000000 100.835000 0.099985
89.000000 98.670000 0.100043
95.000000 95.835000 0.100093
95.000000 93.670000 0.099981
82.000000 90.835000 0.099851
82.000000 88.670000 0.100382
70.000000 85.835000 0.099393
70.000000 83.670000 0.100158
70.000000 81.505000 0.100141
113.000000 85.835000 0.099882
113.000000 83.670000 0.099966
113.000000 81.505000 0.099943
121.000000 73.835000 0.099885
121.000000 71.670000 0.100380
121.000000 69.505000 0.099784
84.000000 61.835000 0.100004
84.000000 59.670000 0.099822
84.000000 57.505000 0.100365
135.000000 55.835000 0.099925
135.000000 53.670000 0.099820
142.000000 55.835000 0.099962
142.000000 53.670000 0.100125
142.000000 51.505000 0.099918
142.000000 49.340000 0.100123
149.000000 38.835000 0.099890
149.000000 38.835000 0.100144
156.000000 35.000000 0.100080
168.000000 24.000000 5.104505
168.000000 24.000000 0.001512
162.024000 24.000000 0.100685
156.048000 24.000000 0.099844
163.024000 24.000000 0.099969
157.048000 24.000000 0.100253
120.024000 25.000000 0.099439
114.048000 25.000000 0.100175
108.072000 25.000000 0.099924
155.024000 29.000000 0.100352
149.048000 29.000000 0.099502
143.024000 29.000000 0.100139
137.048000 29.000000 0.100055
131.072000 29.000000 0.100162
125.024000 53.000000 0.099348
119.048000 53.000000 0.099736
113.072000 53.000000 0.099961
106.024000 84.000000 0.100530
100.048000 84.000000 0.100343
94.072000 84.000000 0.099610
84.024000 84.000000 0.100119
84.024000 84.000000 0.100307
75.000000 111.000000 0.099539
75.000000 111.000000 0.100270
33.000000 159.000000 1.100951
34.000000 133.000000 4.002037
34.000000 130.835000 0.100003
34.000000 155.835000 0.099968
34.000000 153.670000 0.099990
34.000000 155.835000 0.099833
34.000000 153.670000 0.100223
34.000000 155.835000 0.099603
34.000000 153.670000 0.100164
34.000000 151.505000 0.100006
35.000000 153.835000 0.099890
35.000000 151.670000 0.100153
39.000000 150.835000 0.100029
39.000000 148.670000 0.099996
44.000000 144.835000 0.099885
44.000000 142.670000 0.100058
44.000000 140.505000 0.099710
48.000000 139.835000 0.100138
48.000000 137.670000 0.099933
54.000000 133.835000 0.100208
54.000000 131.670000 0.100037
59.000000 128.835000 0.099967
59.000000 126.670000 0.100122
64.000000 122.835000 0.099691
64.000000 120.670000 0.099891
64.000000 118.505000 0.100152
70.000000 116.835000 0.100227
70.000000 114.670000 0.099842
76.000000 110.835000 0.100013
76.000000 108.670000 0.100067
82.000000 104.835000 0.099680
82.000000 102.670000 0.100179
82.000000 100.505000 0.099828
88.000000 99.835000 0.100034
88.000000 97.670000 0.100115
95.000000 93.835000 0.099829
95.000000 91.670000 0.099939
100.000000 89.835000 0.100035
100.000000 87.670000 0.100170
100.000000 85.505000 0.100007
100.000000 83.340000 0.100032
108.000000 85.835000 0.099934
108.000000 83.670000 0.100032
108.000000 81.505000 0.100063
117.000000 73.835000 0.100053
117.000000 71.670000 0.099982
123.000000 141.835000 0.099936
123.000000 139.670000 0.099933
123.000000 137.505000 0.100388
126.000000 59.835000 0.099610
126.000000 57.670000 0.099891
136.000000 54.835000 0.100070
136.000000 52.670000 0.100134
136.000000 50.505000 0.099697
143.000000 54.835000 0.100379
143.000000 52.670000 0.100245
150.000000 41.835000 0.099830
150.000000 41.835000 0.099955
150.000000 41.835000 0.100039
168.000000 25.000000 5.105024
168.000000 25.000000 0.002710
159.850000 25.000000 0.099713
155.850000 24.000000 0.099873
147.700000 24.000000 0.101691
139.550000 24.000000 0.098040
160.850000 24.000000 0.100057
152.700000 24.000000 0.099776
153.850000 27.000000 0.100071
145.700000 27.000000 0.100087
139.850000 39.000000 0.099901
131.700000 39.000000 0.100009
123.550000 39.000000 0.099990
120.850000 74.000000 0.100082
112.700000 74.000000 0.099878
113.000000 88.000000 0.100175
113.000000 88.000000 0.099965
113.000000 88.000000 0.100108
90.000000 105.000000 0.099859
39.000000 153.000000 1.101096
39.000000 153.000000 4.001845
39.000000 150.835000 0.099975
39.000000 148.670000 0.100240
39.000000 149.835000 0.100020
39.000000 147.670000 0.100007
39.000000 149.835000 0.099938
39.000000 147.670000 0.099949
39.000000 149.835000 0.099888
39.000000 147.670000 0.099910
39.000000 145.505000 0.100225
41.000000 146.835000 0.100050
41.000000 144.670000 0.099970
44.000000 142.835000 0.100005
44.000000 140.670000 0.100002
49.000000 136.835000 0.099911
49.000000 134.670000 0.100041
49.000000 132.505000 0.099491
54.000000 132.835000 0.100412
54.000000 130.670000 0.100560
59.000000 125.835000 0.099605
59.000000 123.670000 0.100145
59.000000 119.835000 0.099622
59.000000 117.670000 0.100008
59.000000 115.505000 0.100168
70.000000 113.835000 0.100016
70.000000 111.670000 0.099785
76.000000 107.835000 0.099936
76.000000 105.670000 0.100197
82.000000 102.835000 0.100026
82.000000 100.670000 0.099844
88.000000 96.835000 0.099857
88.000000 94.670000 0.100062
88.000000 92.505000 0.100082
94.000000 91.835000 0.100124
94.000000 89.670000 0.099972
99.000000 87.835000 0.099661
99.000000 85.670000 0.100113
104.000000 86.835000 0.099863
104.000000 84.670000 0.100612
110.000000 77.835000 0.099596
110.000000 75.670000 0.100116
110.000000 73.505000 0.099953
117.000000 70.835000 0.099981
117.000000 68.670000 0.099982
117.000000 66.505000 0.102285
125.000000 63.835000 0.098160
125.000000 61.670000 0.099817
125.000000 59.505000 0.099867
133.000000 57.835000 0.100654
133.000000 55.670000 0.099194
140.000000 51.835000 0.100586
140.000000 49.670000 0.099506
145.000000 39.835000 0.100601
145.000000 39.835000 0.099475
145.000000 39.835000 0.099582
164.000000 28.000000 5.105278
164.000000 28.000000 0.001507
161.835000 28.000000 0.100416
159.670000 28.000000 0.100137
157.505000 28.000000 0.099818
155.340000 28.000000 0.099829
161.835000 28.000000 0.100202
159.670000 28.000000 0.099912
157.505000 28.000000 0.100284
161.835000 31.000000 0.099768
159.670000 31.000000 0.100012
157.835000 35.000000 0.099736
155.670000 35.000000 0.100572
153.505000 35.000000 0.099850
152.835000 35.000000 0.099993
150.670000 35.000000 0.099976
147.835000 45.000000 0.100012
145.670000 45.000000 0.099954
142.835000 51.000000 0.100007
140.670000 51.000000 0.099977
136.835000 56.000000 0.099822
134.670000 56.000000 0.100177
132.505000 56.000000 0.099868
131.835000 56.000000 0.099933
129.670000 56.000000 0.100037
125.835000 67.000000 0.099838
123.670000 67.000000 0.100114
120.835000 72.000000 0.099738
118.670000 72.000000 0.100466
116.505000 72.000000 0.099784
97.835000 79.000000 0.100062
95.670000 79.000000 0.099808
93.835000 82.000000 0.100164
91.670000 82.000000 0.099941
64.835000 119.000000 0.099931
62.670000 119.000000 0.099949
59.835000 93.000000 0.099851
57.670000 93.000000 0.100128
55.505000 93.000000 0.100045
60.835000 97.000000 0.100003
58.670000 97.000000 0.099949
66.835000 102.000000 0.099986
64.670000 102.000000 0.099999
62.505000 102.000000 0.099813
82.835000 113.000000 0.100210
80.670000 113.000000 0.099836
78.505000 113.000000 0.100166
73.835000 118.000000 0.099764
71.670000 118.000000 0.100053
69.505000 118.000000 0.099992
68.835000 118.000000 0.099978
66.670000 118.000000 0.099937
64.505000 118.000000 0.100053
62.340000 118.000000 0.100203
60.835000 134.000000 0.099796
58.670000 134.000000 0.099924
56.505000 134.000000 0.100352
52.835000 134.000000 0.099869
50.670000 134.000000 0.100009
43.835000 145.000000 0.099980
41.670000 145.000000 0.100226
41.670000 145.000000 0.099539
42.000000 151.000000 0.100012
29.000000 163.000000 1.101341
30.000000 162.000000 4.001875
30.000000 159.835000 0.099852
30.000000 158.835000 0.099939
30.000000 156.670000 0.100213
30.000000 154.505000 0.099825
30.000000 152.340000 0.100074
30.000000 158.835000 0.099776
30.000000 156.670000 0.100079
30.000000 154.505000 0.100172
30.000000 156.835000 0.099768
30.000000 154.670000 0.100175
30.000000 152.505000 0.100062
30.000000 150.340000 0.099876
35.000000 156.835000 0.099883
35.000000 154.670000 0.099994
35.000000 152.505000 0.100173
41.000000 141.835000 0.099814
41.000000 139.670000 0.100038
41.000000 137.505000 0.099989
