144.000000 48.000000 0.001043
141.835000 48.000000 0.001768
139.670000 48.000000 0.100397
141.835000 48.000000 0.099929
139.670000 48.000000 0.099538
137.505000 48.000000 0.100364
135.340000 48.000000 0.100080
142.835000 49.000000 0.100179
140.670000 49.000000 0.099770
138.505000 49.000000 0.100239
138.835000 51.000000 0.099165
136.670000 51.000000 0.100545
134.505000 51.000000 0.099908
133.835000 59.000000 0.100116
131.670000 59.000000 0.100062
128.835000 63.000000 0.100371
126.670000 63.000000 0.099818
124.505000 63.000000 0.099833
122.835000 68.000000 0.099930
120.670000 68.000000 0.100216
118.835000 73.000000 0.099784
116.670000 73.000000 0.100070
113.835000 77.000000 0.099751
111.670000 77.000000 0.100110
109.505000 77.000000 0.099997
107.835000 82.000000 0.099966
105.670000 82.000000 0.100138
103.505000 82.000000 0.100121
101.835000 91.000000 0.099909
99.670000 91.000000 0.099834
97.505000 91.000000 0.099912
95.340000 91.000000 0.100194
94.835000 97.000000 0.099811
92.670000 97.000000 0.100098
90.505000 97.000000 0.099959
87.835000 97.000000 0.100026
85.670000 97.000000 0.100028
82.835000 107.000000 0.099133
80.670000 107.000000 0.100328
78.505000 107.000000 0.100783
76.340000 107.000000 0.099659
75.835000 92.000000 0.100094
73.670000 92.000000 0.099807
71.505000 92.000000 0.099211
68.835000 121.000000 0.100747
66.670000 121.000000 0.100183
62.835000 127.000000 0.100166
60.670000 127.000000 0.099794
58.835000 132.000000 0.099935
56.670000 132.000000 0.100063
53.835000 134.000000 0.099975
51.670000 134.000000 0.101210
49.505000 134.000000 0.099358
49.835000 140.000000 0.099440
47.670000 140.000000 0.100026
44.835000 145.000000 0.100033
42.670000 145.000000 0.100154
39.835000 117.000000 0.100083
37.670000 117.000000 0.099590
35.835000 154.000000 0.100374
33.670000 154.000000 0.099765
27.000000 166.000000 1.101127
27.000000 166.000000 4.001762
27.000000 163.835000 0.100082
27.000000 163.835000 0.099957
27.000000 161.670000 0.099929
27.000000 163.835000 0.100132
27.000000 161.670000 0.100010
27.000000 159.505000 0.099761
27.000000 106.835000 0.100068
27.000000 104.670000 0.100045
27.000000 102.505000 0.099690
30.000000 161.835000 0.100353
30.000000 159.670000 0.099899
30.000000 157.505000 0.100117
35.000000 161.835000 0.099774
35.000000 159.670000 0.100016
39.000000 152.835000 0.100020
39.000000 150.670000 0.100233
44.000000 148.835000 0.099649
44.000000 146.670000 0.099986
48.000000 111.835000 0.100175
48.000000 109.670000 0.100061
53.000000 138.835000 0.099920
53.000000 136.670000 0.099916
53.000000 134.505000 0.100000
58.000000 133.835000 0.100116
58.000000 131.670000 0.100063
58.000000 129.505000 0.099877
64.000000 129.835000 0.099899
64.000000 127.670000 0.100252
64.000000 125.505000 0.099858
64.000000 123.340000 0.099961
72.000000 113.835000 0.100039
72.000000 111.670000 0.099910
72.000000 109.505000 0.099906
80.000000 113.835000 0.100052
80.000000 111.670000 0.100035
80.000000 109.505000 0.100206
88.000000 102.835000 0.099855
88.000000 100.670000 0.099808
93.000000 88.835000 0.099974
93.000000 86.670000 0.100210
99.000000 93.835000 0.099956
99.000000 91.670000 0.099931
99.000000 89.505000 0.099903
106.000000 87.835000 0.100086
106.000000 85.670000 0.100152
106.000000 83.505000 0.099755
111.000000 77.835000 0.100455
111.000000 75.670000 0.100000
111.000000 73.505000 0.100081
111.000000 71.340000 0.099973
119.000000 72.835000 0.099800
119.000000 70.670000 0.100255
119.000000 68.505000 0.099840
119.000000 66.340000 0.099655
119.000000 64.175000 0.100258
129.000000 61.835000 0.099777
129.000000 59.670000 0.099977
129.000000 57.505000 0.099967
139.000000 45.835000 0.099995
139.000000 43.670000 0.100364
139.000000 41.505000 0.100038
139.000000 39.340000 0.099717
149.000000 45.835000 0.099944
149.000000 43.670000 0.100289
149.000000 41.505000 0.099990
154.000000 32.835000 0.099966
154.000000 32.835000 0.099948
163.000000 30.000000 5.105109
163.000000 30.000000 0.001591
158.304000 30.000000 0.100110
153.608000 30.000000 0.100412
157.304000 30.000000 0.099836
152.608000 30.000000 0.099925
147.912000 30.000000 0.099741
162.000000 30.000000 0.100592
157.304000 30.000000 0.099769
152.608000 30.000000 0.099827
147.912000 30.000000 0.099741
148.304000 40.000000 0.100173
143.608000 40.000000 0.100030
138.912000 40.000000 0.100007
136.304000 56.000000 0.099976
131.608000 56.000000 0.099891
126.304000 65.000000 0.100022
121.608000 65.000000 0.099962
116.912000 65.000000 0.100100
112.216000 65.000000 0.099941
113.304000 74.000000 0.100007
108.608000 74.000000 0.099960
103.912000 74.000000 0.099946
100.304000 92.000000 0.100142
95.608000 92.000000 0.099766
91.304000 101.000000 0.099966
86.608000 101.000000 0.099954
81.304000 110.000000 0.100379
76.608000 110.000000 0.099978
71.912000 110.000000 0.099947
67.216000 110.000000 0.099616
71.304000 110.000000 0.100288
66.608000 110.000000 0.100021
61.912000 110.000000 0.100053
56.304000 130.000000 0.099886
51.608000 130.000000 0.099977
51.608000 130.000000 0.100006
51.608000 130.000000 0.099826
24.000000 169.000000 1.101162
24.000000 169.000000 4.001980
24.000000 166.835000 0.099767
24.000000 164.670000 0.100046
24.000000 167.835000 0.100719
24.000000 165.670000 0.099417
24.000000 163.505000 0.099824
24.000000 166.835000 0.099907
24.000000 164.670000 0.100039
25.000000 164.835000 0.100170
25.000000 162.670000 0.099812
25.000000 160.505000 0.100204
25.000000 158.340000 0.100350
29.000000 160.835000 0.099663
29.000000 158.670000 0.099852
29.000000 156.505000 0.100245
36.000000 157.835000 0.100194
36.000000 155.670000 0.099682
36.000000 153.505000 0.099866
36.000000 151.340000 0.099974
43.000000 146.835000 0.101017
43.000000 144.670000 0.099132
50.000000 140.835000 0.099899
50.000000 138.670000 0.099882
50.000000 136.505000 0.101048
55.000000 136.835000 0.099108
55.000000 134.670000 0.099904
55.000000 132.505000 0.099893
55.000000 130.340000 0.100368
55.000000 128.175000 0.099638
65.000000 136.835000 0.100382
65.000000 134.670000 0.099971
65.000000 132.505000 0.099765
65.000000 130.340000 0.099932
75.000000 115.835000 0.099987
75.000000 113.670000 0.100127
75.000000 111.505000 0.099925
75.000000 109.340000 0.100028
84.000000 104.835000 0.099974
84.000000 102.670000 0.099982
84.000000 100.505000 0.100182
92.000000 100.835000 0.099843
92.000000 98.670000 0.099966
92.000000 96.505000 0.099953
92.000000 94.340000 0.100050
101.000000 83.835000 0.100246
101.000000 81.670000 0.099886
108.000000 78.835000 0.100043
108.000000 76.670000 0.100019
114.000000 73.835000 0.099940
114.000000 71.670000 0.099685
114.000000 69.505000 0.100166
114.000000 67.340000 0.100167
120.000000 73.835000 0.099683
120.000000 71.670000 0.099912
120.000000 69.505000 0.099961
130.000000 63.835000 0.101898
130.000000 61.670000 0.098245
130.000000 59.505000 0.099949
130.000000 57.340000 0.099980
136.000000 52.835000 0.101278
136.000000 50.670000 0.099015
136.000000 48.505000 0.099794
136.000000 46.340000 0.099926
146.000000 37.835000 0.100033
146.000000 37.835000 0.100262
146.000000 37.835000 0.099748
164.000000 29.000000 5.105101
164.000000 29.000000 0.001497
158.024000 29.000000 0.100497
158.024000 29.000000 0.099846
152.048000 29.000000 0.100207
146.072000 29.000000 0.099945
146.024000 29.000000 0.099706
140.048000 29.000000 0.099892
134.072000 29.000000 0.100021
128.096000 29.000000 0.100285
122.120000 29.000000 0.099820
148.024000 29.000000 0.099788
142.048000 29.000000 0.100245
136.072000 29.000000 0.099669
124.024000 67.000000 0.100514
118.048000 67.000000 0.099526
112.072000 67.000000 0.100217
104.024000 81.000000 0.100196
98.048000 81.000000 0.099836
90.024000 95.000000 0.099827
84.048000 95.000000 0.100544
84.048000 95.000000 0.099627
81.000000 109.000000 0.100007
36.000000 125.000000 1.101102
36.000000 157.000000 4.001976
37.000000 153.835000 0.100089
37.000000 151.670000 0.100257
37.000000 149.505000 0.099654
37.000000 153.835000 0.099775
37.000000 151.670000 0.100224
37.000000 149.505000 0.099813
37.000000 147.340000 0.100182
37.000000 152.835000 0.099833
37.000000 150.670000 0.099857
37.000000 148.505000 0.100089
39.000000 152.835000 0.099961
39.000000 150.670000 0.100017
39.000000 148.505000 0.100121
39.000000 146.340000 0.100019
45.000000 104.835000 0.099779
45.000000 102.670000 0.100365
53.000000 135.835000 0.099932
53.000000 133.670000 0.099656
53.000000 131.505000 0.100187
58.000000 99.835000 0.099970
58.000000 97.670000 0.100268
63.000000 123.835000 0.099676
63.000000 121.670000 0.100129
68.000000 88.835000 0.099836
68.000000 86.670000 0.099919
68.000000 84.505000 0.100091
68.000000 82.340000 0.100010
74.000000 85.835000 0.099992
74.000000 83.670000 0.100120
74.000000 81.505000 0.099730
82.000000 109.835000 0.100117
82.000000 107.670000 0.100034
82.000000 105.505000 0.100102
82.000000 103.340000 0.099778
91.000000 94.835000 0.100057
91.000000 92.670000 0.100300
91.000000 90.505000 0.099709
98.000000 94.835000 0.100115
98.000000 92.670000 0.099884
98.000000 90.505000 0.100318
98.000000 88.340000 0.099974
107.000000 84.835000 0.099881
107.000000 82.670000 0.099845
116.000000 73.835000 0.100065
116.000000 71.670000 0.100036
116.000000 69.505000 0.099957
116.000000 68.835000 0.100008
116.000000 66.670000 0.100296
116.000000 64.505000 0.099556
126.000000 63.835000 0.099966
126.000000 61.670000 0.100156
126.000000 59.505000 0.100068
126.000000 57.340000 0.099853
106.000000 52.835000 0.099960
106.000000 50.670000 0.099904
106.000000 48.505000 0.100319
146.000000 43.835000 0.099619
146.000000 41.670000 0.100171
146.000000 39.505000 0.099829
146.000000 37.340000 0.100120
146.000000 37.340000 0.100173
136.000000 26.000000 5.100083
136.000000 26.000000 0.001923
127.850000 26.000000 0.100138
119.700000 26.000000 0.099808
158.850000 26.000000 0.099963
150.700000 26.000000 0.100417
142.550000 26.000000 0.099639
134.400000 26.000000 0.099933
153.850000 29.000000 0.099964
145.700000 29.000000 0.099962
139.850000 40.000000 0.100259
131.700000 40.000000 0.099794
123.850000 54.000000 0.099866
115.700000 54.000000 0.100189
107.550000 54.000000 0.099921
107.850000 69.000000 0.100085
99.700000 69.000000 0.099921
101.000000 100.000000 0.100245
101.000000 100.000000 0.099800
101.000000 100.000000 0.099865
83.000000 100.000000 0.100024
39.000000 147.000000 1.101049
29.000000 165.000000 4.001610
29.000000 162.835000 0.100409
29.000000 160.670000 0.099889
29.000000 158.505000 0.099987
29.000000 156.340000 0.100039
29.000000 161.835000 0.099699
29.000000 159.670000 0.100355
29.000000 157.505000 0.099624
29.000000 155.340000 0.100196
30.000000 161.835000 0.100051
30.000000 159.670000 0.099956
30.000000 157.505000 0.099829
30.000000 155.340000 0.099898
34.000000 152.835000 0.100243
34.000000 150.670000 0.100043
41.000000 147.835000 0.099798
41.000000 145.670000 0.100007
46.000000 142.835000 0.099977
46.000000 140.670000 0.100327
51.000000 137.835000 0.100006
51.000000 135.670000 0.099924
51.000000 133.505000 0.099643
51.000000 131.340000 0.100057
56.000000 137.835000 0.100005
56.000000 135.670000 0.100123
56.000000 133.505000 0.099983
64.000000 127.835000 0.099845
64.000000 125.670000 0.099999
64.000000 123.505000 0.099967
64.000000 121.340000 0.100274
72.000000 117.835000 0.100139
72.000000 115.670000 0.099804
72.000000 113.505000 0.099708
72.000000 111.340000 0.100107
81.000000 110.835000 0.100321
81.000000 108.670000 0.099782
81.000000 106.505000 0.099999
89.000000 95.835000 0.099785
89.000000 93.670000 0.100340
97.000000 89.835000 0.099956
97.000000 87.670000 0.099888
97.000000 85.505000 0.099865
102.000000 84.835000 0.100289
102.000000 82.670000 0.099831
108.000000 79.835000 0.099834
108.000000 77.670000 0.100152
113.000000 74.835000 0.099738
113.000000 72.670000 0.100322
113.000000 70.505000 0.099728
118.000000 69.835000 0.100177
118.000000 67.670000 0.099834
124.000000 63.835000 0.100149
124.000000 61.670000 0.099885
124.000000 59.505000 0.099855
133.000000 58.835000 0.100429
133.000000 56.670000 0.099901
133.000000 54.505000 0.099739
133.000000 52.340000 0.100194
140.000000 53.835000 0.099989
140.000000 51.670000 0.100109
140.000000 49.505000 0.099925
147.000000 43.835000 0.099717
147.000000 41.670000 0.100253
147.000000 39.505000 0.099801
147.000000 37.340000 0.100312
155.000000 36.000000 0.099850
167.000000 26.000000 5.100899
167.000000 26.000000 0.001536
164.835000 26.000000 0.100379
162.670000 26.000000 0.100755
160.505000 26.000000 0.099459
165.835000 26.000000 0.099709
163.670000 26.000000 0.099992
161.505000 26.000000 0.100086
